PQLC1.0.1764|1981|2035|2169|2321|2623
PQLC1.1.1764|1981|2035|2169|2471|2544
PQLC1.2.1764|1981|2115|2417|2490
PQLC1.3.1764|1898|2200|2273
AFAP1L1.0.147|276|360|458|567|666|878|1058|1321
AFAP1L1.1.147|276|360|458|567|666|878|1058|1151|1245|1398|1610|1756|1829|1941|2106|2285|2414|4210
AFAP1L1.2.147|276|360|458|567|666|878|1058|1151|1245|1398|1610|1756|1829|1941|2106|2285|4081
AFAP1L1.3.275|428|640|786|859|971|1136|1315|1444|3240
AFAP1L2.0.1244|1367|1561|1717|1883|1995
AFAP1L2.1.1244|1367|1549|1705|1874|2120|2232|2378|2606
AFAP1L2.2.1244|1367|1561|1717|1886|2132|2244|2390|2602|2707|2792|2882|3062|3268|3359|3454|3529|3658|3975
AFAP1L2.3.1244|1367|1549|1705|1874|2120|2232|2378|2590|2695|2780|2870|3050|3256|3347|3442|3517|3646|3963
AFAP1L2.4.1244|1367|1561|1717|1886|2132|2244|2390|2602|2707|2792|2882|3062|3268|3359|3518|3613|3688|3817|4134
AFAP1L2.5.1244|1367|1549|1705|1874|2120|2232|2378|2590|2695|2780|2870|3050|3256|3340|3431|3526|3601|3730|4047
AFAP1L2.6.2275|2469|2625|2794|3040|3704
AFAP1L2.7.156|322|568|680|826|1038|1143|1228|1318|1498|1704|1795|1890|1965|2094|2411
CALB2.0.164|241|331|412|469|547|603|643|697|769|1457
CALB2.1.164|241|331|412|469|547|603|657|729|1417
CALB2.2.164|241|331|412|469|547|603|675|1363
IBA57.0.430|768|7903
IBA57.1.61|399|7534
EREG.0.233|320|1291
EREG.1.233|320|444|594|4628
AKR1A1.0.330|420|540|1753
AKR1A1.1.330|458|548|668|820|1016|1216|1289|1376|1534
AKR1A1.2.330|420|540|692|888|1088|1161|1248|1406
AKR1A1.3.629|702|789|947
AKR1A1.4.196|396|476|563|721
UQCR10.0.239|975
UQCR10.1.180|916
TBC1D22B.0.1399|1992
TBC1D22B.1.202|259|567|747|818|947|1013|1128|1235|1311|1439|1535|3461
TBC1D22B.2.202|259|567|747|879|1008|1074|1189|1296|1372|1500|1596|3522
TBC1D22B.3.284|391|467|595|691|1008
TBC1D22B.4.284|391|467|595|691|2617
AFAP1.0.70|6792
AFAP1.1.5079|5244|5435|5600|5715|5967|6085|6231|6443|6593|6675|6771|6951|7163|7272|7370|7499|7770
AFAP1.2.5079|5244|5435|5600|5715|5833|5979|6191|6341|6423|6519|6699|6911|7020|7118|7247|7518
ZIC5.0.2799|4597
BCCIP.0.188|263|344|434|622|797|1248
BCCIP.1.188|263|344|434|622|797|1017
BCCIP.2.188|263|344|434|622|797|2349
BCCIP.3.188|263|344|532|707|2259
BCCIP.4.188|263|344|434|622|797|873|1443
BCCIP.5.516|698|886|1036|1228|1387|1487|2386
BCCIP.6.516|698|886|1036|1228|1387|1487|1730|2103|2297|3070
BCCIP.7.516|698|886|1036|1228|1387|1487|1730|2103|2297|2826|3067
AFAP1-AS1.0.70|6792
AFAP1-AS1.1.5079|5244|5435|5600|5715|5967|6085|6231|6443|6593|6675|6771|6951|7163|7272|7370|7499|7770
AFAP1-AS1.2.5079|5244|5435|5600|5715|5833|5979|6191|6341|6423|6519|6699|6911|7020|7118|7247|7518
